SCRIPTORVM.

, 214. 169 φ. 274,
v111. 18. 102 340.

22 103 462.
36. 91 676.
67. 91 χ. 86.
119. 62 348.
136. 44169 364.
IX. 16. 369.

71. ψ. 46.
1111116110111). 345. 160.

Homerus iliad. 11. 249. 494.
271. 160 ω. 663.
340„ 98 061111. 11. 316.
649172 403.

6260170 β. 62
292 86 86.
311. 111 111. x

γ· 299· 145 719551
409. 29 6. 400.

6. 93. 164 472
190. 83 · 646.
262 142 644.
348. 649.
639. 1. 33.

ε. 212 141.
267. 221.
308. ’ 237.
811. 417.
407. ζ. 27.
48.. , 286.
'²352 11204.

θ. 28. 314. .

1. 386. 12147.
897. · 1. 208.
624. 11. 632. .
126. ’ 4103.

μ. 68. 416.
11782 11166.

ξ. 484. 848.

ο. 3911416.
46. ξ. 162.

ρ. 70. 331.
898. 402.

σ. 307. 1644.

11. 426. 11. 683.

 

