SCRIP'TORVM. “’

Eq. 805. 101 184, 9.
, 960. 106 192, 22.
1057. 161 196, 20.
1107. 204, 28.
1181. 242, 9.
Lyn. 1025. 260, 1.
1098. 284,17. . ·
Nub. 465. 298,12. .
1154. 26 858, 22.
1157. 87 878, 5.
1282 ,182 895,14.
1888. 75 467, 28.
Pae. 69. 28 492, 21.
187. 195 525, 15.
487101 19.
450. 101 554,1.
1028. 44 569, 27.
’ 1198. 48 747, 18.
Plut. 874. 158 749, 2.
488. 158 776, 8.
Ran. 175. 188 780, 7.
866. 66 814,18.
1281. 105 849, 14.
Theum. 284. 121 860, 8·
814. 87 865, 22.
vesp. 286. 44 901,18.
919106 921,1.
942. 86 1017, 21
960 67 1055, 2.
1094. 166 1105, 2.
Callimachus h. Dian. 27. 184 1106, 28.
Cliniae ap. stob. 47 1109, 7.
Cratinus Γείτοσι 96 1169 9.
Demosthenes 1225, 21.
p. 13, 6. Reiek. 195 1229, 22.
15, 8. 42 1352, 27.
24, 27. . 62 1874, 24.
40, 8· 62 1404,14.
54, 29. 67 17.
66,12. 176 1451, 18.
77,19. 87 1467,9
95, 24. 182 Ecphantee ap. §tole
97, 8. 62 Epicurus epist. 45. 53. 118
112, 5. 68 Etym. M. 471, 6. 185
128, 29. 184 Eun'pidee Alc. 58. 144

 

